10000
8.856014
8.894312
8.842576
8.89857
8.875935
8.81867
8.897462
8.862825
8.824259
8.86599
9.019614
9.002443
9.00947
9.023242
9.070154
8.941849
8.815588
8.837542
8.878574
8.886915
8.894877
8.972631
9.03182
9.059338
9.097353
9.073083
9.134947
9.135975
9.157017
9.1562605
9.135359
9.142635
9.054862
9.007329
8.941835
8.963535
8.935191
9.023645
9.007723
9.043579
9.060485
9.127828
9.135431
9.126907
9.06837
9.139529
9.132012
9.063117
9.007631
8.935927
8.905564
8.90234
8.962836
9.054803
9.0913925
9.189294
9.191944
9.193262
9.202031
9.1528225
9.094763
9.039582
8.985151
8.968913
8.978378
9.048302
9.022384
9.0539055
9.029626
9.042278
9.002395
9.062368
9.027251
9.061779
9.04556
8.999296
8.993755
8.949141
8.966708
8.931623
8.784801
8.762822
8.76999
8.805972
8.7605505
8.783342
8.860408
8.829137
8.874673
8.789224
8.877735
8.873516
8.934453
8.881628
8.912728
8.911722
8.920662
8.942263
8.851944
8.837936
8.839094
8.809993
8.795448
8.819251
8.821615
8.8105755
8.813959
8.868037
8.783241
8.8671465
8.827867
8.93029
8.887336
8.870579
8.860588
8.851654
8.87153
8.85849
8.920062
8.941739
8.813555
8.876033
8.815701
8.839786
8.915938
8.827192
8.840536
8.835572
8.828633
8.899743
8.851993
8.940484
8.922516
8.918286
8.873623
8.837077
8.852966
8.810262
8.868745
8.891846
8.97069
8.925545
8.893678
8.827137
8.850166
8.750191
8.778262
8.7339325
8.719429
8.709405
8.698619
8.75974
8.67028
8.800518
8.71282
8.770722
8.723919
8.685222
8.606428
8.546922
8.4934225
8.4117365
8.416064
8.420672
8.610742
8.564647
8.520796
8.507111
8.448333
8.350277
8.282295
8.24909
8.123938
8.148895
8.00133
8.025885
7.89647
7.869918
7.757607
7.659118
7.328486
7.114998
6.78431
6.443976
6.031098
5.421375
4.9192653
4.4075303
4.359899
4.511999
4.6978116
5.127842
5.3221393
5.5716906
5.667839
5.8240685
6.218964
6.443596
6.642687
6.8983064
6.958294
7.143545
7.2924185
7.362607
7.5406013
7.544501
7.4789886
7.4819665
7.622687
7.6671615
7.8575473
8.070581
8.109879
8.038772
8.104191
8.140313
8.069343
8.073757
7.9272966
8.003573
7.8787003
7.908396
7.926161
7.9380236
7.9114623
7.973429
7.9821343
7.995567
7.974323
8.026953
7.956525
8.104358
7.9467344
8.0710335
8.000662
8.005164
7.976413
8.066315
8.087901
8.053664
8.025505
7.9953785
8.107617
8.07205
8.101625
7.9982843
8.042163
7.9779506
7.9795356
7.9952226
8.002648
8.015941
7.95033
8.07122
8.102801
8.092169
8.096725
8.108643
8.109886
8.107831
8.245711
8.237512
8.2384205
8.2600765
8.253993
8.26604
8.272152
8.261426
8.279674
8.2511
8.300916
8.3552265
8.347013
8.350519
8.313804
8.350338
8.319854
8.353789
8.310313
8.325003
8.316507
8.31736
8.33354
8.34181
8.332399
8.362518
8.358098
8.396451
8.311867
8.378863
8.421378
8.466371
8.535225
8.483801
8.503405
8.426099
8.351073
8.281965
8.374598
8.380539
8.466874
8.454115
8.487014
8.475906
8.493269
8.503549
8.480252
8.474245
8.467908
8.452486
8.457641
8.483577
8.481391
8.449782
8.479745
8.473755
8.448908
8.437949
8.433349
8.395702
8.350826
8.297005
8.275591
8.277442
8.250633
8.337876
8.309061
8.38264
8.316303
8.382555
8.334667
8.399739
8.423324
8.3774185
8.453184
8.411773
8.4897
8.389038
8.415537
8.380721
8.375638
8.365898
8.380181
8.375136
8.408518
8.415014
8.39751
8.437837
8.345095
8.278219
8.398108
8.329505
8.32963
8.2555485
8.27389
8.245182
8.266012
8.288333
8.276248
8.305268
8.276945
8.25699
8.272417
8.253538
8.289368
8.284241
8.260105
8.232698
8.233032
8.373125
8.440088
8.514709
8.521963
8.478145
8.472624
8.504911
8.431648
8.463266
8.452862
8.459335
8.469341
8.417711
8.461401
8.327517
8.385991
8.284997
8.274598
8.255889
8.25962
8.240937
8.245854
8.235506
8.221607
8.258882
8.203991
8.307346
8.186516
8.294848
8.194382
8.259694
8.227929
8.255201
8.213797
8.263153
8.187089
8.305729
8.169998
8.319955
8.26726
8.400162
8.256201
8.347722
8.271556
8.29609
8.280888
8.31248
8.298073
8.423853
8.334507
8.376138
8.349249
8.487934
8.357171
8.490762
8.3592615
8.410135
8.239656
8.234905
8.0445595
8.192945
8.124012
8.314455
8.406496
8.535003
8.445481
8.551649
8.453485
8.556051
8.447973
8.551837
8.40348
8.384532
8.146092
8.184847
8.085647
8.161829
8.119127
8.241055
8.171419
8.347374
8.210113
8.363511
8.183778
8.22142
7.9751015
8.038866
8.01402
8.1006565
7.9425964
8.028435
7.9470983
7.850303
7.967848
8.008958
7.9183164
7.9236994
7.917038
7.9701104
7.892663
8.011651
8.001966
8.047994
8.003261
8.012319
7.983966
8.130552
8.074622
8.167421
8.220829
8.201223
8.121578
8.079014
8.103029
8.123385
8.085389
8.036517
8.121449
8.1594715
8.157732
8.121657
8.091626
8.179207
8.242601
8.156826
8.274771
7.9132934
7.8610005
7.643745
7.478298
7.5012054
7.3606405
7.0941195
7.1240315
7.0981693
7.029087
7.026146
6.968847
6.8271265
6.6625776
6.331004
6.248928
6.3900595
6.211104
6.0575714
5.7934823
5.513833
5.2179284
5.234921
5.05235
4.8522243
5.140826
4.6753197
4.6125207
5.010146
5.212574
5.7570763
5.474114
5.252453
5.1219463
5.055477
5.495259
5.4675274
5.425036
4.9999666
4.494023
4.835653
5.3368964
5.4009957
5.0772915
5.3170056
4.7859383
4.7222376
4.969612
5.034999
4.9918857
4.7791367
3.988748
4.3109903
4.3181205
3.9965103
4.3031487
5.147597
5.2631683
6.1561394
6.6344585
6.8252397
7.3573823
7.0332713
6.454338
6.063327
5.4051266
5.1579165
5.0536933
6.357114
6.990169
7.988867
7.5136237
6.8254967
7.249544
5.89992
6.7269807
6.6653295
7.3596663
7.375758
6.888404
6.9649367
7.2051654
6.64567
6.8271337
7.1371384
7.6894374
8.048105
7.737318
7.791781
7.821316
7.607781
6.4934125
7.3015327
7.5667863
7.467908
7.6200056
7.2407236
6.8627577
5.9838424
4.644568
3.79803
4.285512
3.543644
3.4863153
3.5823665
3.4131525
3.4896986
3.418876
3.4714375
3.321382
3.388315
3.1816332
3.216502
3.3879569
3.3120518
3.579158
3.6543732
3.502688
3.294375
3.084571
3.3429832
3.4357028
3.297601
3.3158157
3.6439915
3.9597728
3.6268497
3.4060307
3.3863115
3.1779027
3.3148022
3.258543
3.3455858
3.3932605
3.395123
3.7961729
3.6966193
3.564361
3.7148595
4.1532574
3.797165
3.8499331
3.7456477
3.7678244
3.6979158
3.4953537
3.461944
3.4922862
3.5246649
3.5020394
3.603775
3.5423224
3.5610297
3.118649
3.7101986
3.07528
3.3338306
3.0390964
3.0917354
3.0390036
3.0157528
3.2204776
3.305573
3.2391398
3.298832
3.2591145
3.1010182
3.0069292
3.1300254
3.7126064
3.997407
3.653809
3.2571695
3.2851424
3.2303178
3.1555989
3.0892375
3.2069614
3.218646
3.2580347
3.2268455
4.216213
4.229641
4.2473397
4.177868
4.1469326
4.226465
4.4058657
4.2921047
4.4312735
4.237386
4.35368
4.355989
4.388651
4.3579497
4.3525524
4.150071
4.1307898
3.9880838
3.7559354
3.7549944
3.6438208
3.6516783
3.641341
3.6884186
3.4474103
3.5395238
3.616781
3.6109579
3.4666307
3.5425181
3.5168123
3.3878968
3.4371953
3.4626222
3.602603
3.575083
3.7541096
3.611247
4.545506
4.26905
3.9294946
3.9931896
3.5248787
4.076116
4.808971
4.2701955
4.212284
4.470791
4.6979623
4.158058
4.268217
4.2800765
4.4659624
5.133523
4.808506
4.3130436
4.32911
4.135141
4.016531
3.673525
3.8050075
4.3368797
5.014473
4.7253313
4.52442
4.219539
4.353059
4.2856627
4.012041
3.290171
3.9942737
4.133123
4.552673
4.458642
4.267491
4.452878
4.0598354
4.0025496
4.0287437
3.5330863
3.9175353
3.51676
4.2006683
4.3508477
4.37177
4.5348296
4.619489
4.8987308
4.9858794
4.798135
4.66095
4.688033
4.8335867
4.8604445
4.806245
4.847846
4.6145945
4.2009478
4.423126
4.3134985
4.2602334
4.314363
4.167428
4.2205796
4.153514
4.1889615
4.1750603
4.1050034
4.0727463
4.046483
3.7998152
3.931108
4.0668902
3.7664316
3.9838371
4.043461
3.936427
3.9334016
3.919125
3.8555605
3.9278026
3.8233824
3.9156294
3.888284
3.8675983
3.9316878
3.93291
3.9578176
3.90266
3.8827772
3.8304164
4.0187244
3.9539845
3.8452888
3.911865
3.755647
3.614233
3.642768
3.607125
3.9588435
4.060876
3.9804745
4.2602415
4.5354023
4.568932
4.587575
4.5928736
4.419755
4.4529724
4.348171
4.0219226
3.988883
4.0124426
3.9333887
3.9050374
4.292448
3.9296818
3.9664984
4.0152655
4.044805
4.001142
4.0274124
3.9887614
3.9203756
3.8101676
3.9027944
3.6717842
3.5021605
3.9029732
3.5098195
3.5581863
3.4734955
3.4423656
3.730625
3.9139938
3.692095
3.739146
3.92927
4.024125
3.7469876
3.4902608
3.941281
3.6153872
3.786039
3.838865
3.4371626
3.575549
3.594512
3.4616413
3.772853
3.4572308
3.913667
3.3888776
3.3892732
3.7272532
3.5140297
3.381786
3.7264054
3.8319595
3.8664613
3.709246
3.755128
3.4738278
3.5364747
3.8823626
3.4077365
3.7564259
3.4222326
3.7437642
3.7680705
3.7845047
3.641645
3.6308782
3.7288582
3.609656
3.2432234
3.8766851
3.9700508
3.7114286
3.5497034
3.9700584
3.759977
3.4471
3.9562418
3.4120994
3.9381447
3.8276901
3.923651
3.8051004
3.9057837
3.9729419
3.9445946
4.1337833
4.0510473
4.344199
4.0073695
3.967392
3.983529
3.9378185
3.919021
4.3443017
3.9629636
4.315783
3.9957962
3.9864004
3.9315202
3.9760013
3.9418523
4.0777235
3.941281
4.0582724
4.1038036
4.12053
4.1155167
4.247495
4.289458
4.4043818
4.5885744
4.499481
4.5374136
4.5937943
4.493479
4.4779005
4.2347765
4.0777054
4.0045023
4.193763
4.0000105
4.289507
4.241573
4.2983594
4.258488
4.456226
4.56671
4.533396
4.496938
4.5238523
4.4470544
4.1173587
4.2014093
4.4258304
4.330905
4.0859156
3.7287295
4.0011067
3.8807595
4.143629
4.2450705
4.3192825
4.4439692
4.6051283
4.5460343
4.2494426
4.4386244
4.1716785
4.0479918
3.9678435
4.143052
4.6616817
4.7396345
5.0381246
5.1142263
4.832618
4.305352
4.2989264
3.949017
3.9856882
3.9528894
4.180405
4.5343757
4.926095
4.870368
5.3394637
5.4443135
4.9818354
4.4111013
4.0605984
4.066706
3.9729521
4.4280443
4.7788043
5.225475
5.412202
5.357848
5.2786326
5.1312065
4.824295
4.6903696
4.3028426
4.170857
4.093411
4.226939
4.843876
4.984145
5.1681795
5.119294
4.8083625
4.516179
4.3901052
3.6903405
3.5875738
3.7791665
3.7306495
3.875128
4.1485705
4.074202
4.288017
4.057261
3.614045
3.7415142
3.643609
3.613378
3.6968918
3.462563
3.473503
3.7223415
3.441681
5.855213
5.796479
5.7284536
5.676074
5.433238
5.450746
5.344633
5.2807326
4.9830112
5.0595965
5.06344
4.8830833
4.805709
4.9036756
4.9355335
4.7876625
4.9949102
4.993253
4.9538903
4.8849144
4.832534
4.828335
4.8717055
4.5487757
4.3945146
4.639363
4.673335
4.6870427
4.623028
4.6779833
4.7265325
4.904974
4.8157253
4.9803953
4.9741364
4.8682065
4.985378
4.9029775
4.9808664
5.1885376
5.4192824
5.3519692
5.438111
5.3318715
5.3376927
5.3857207
5.4713073
5.323477
5.499715
5.4598403
5.5522966
5.7444563
5.7757063
5.833482
5.834772
5.8318806
5.865302
5.937215
5.8831472
5.924646
5.9217796
5.8800483
5.900799
5.967024
5.8142967
5.816421
5.8201647
5.7135453
5.833212
5.7892756
5.876077
5.829711
5.853679
5.679553
5.640272
5.5720177
5.5020804
5.459863
5.4274554
5.44086
5.4718285
5.4133973
5.5265875
5.473299
5.4622927
5.4583178
5.4641953
5.6122255
5.492186
5.5416536
5.335088
5.5055876
5.3549957
5.4975395
5.382186
5.4946327
5.4351854
5.477775
5.4905243
5.4502783
5.429895
5.560044
5.4078093
5.4342384
5.431908
5.5132
5.492539
5.353758
5.508955
5.350822
5.3777137
5.5018096
5.571932
5.476469
5.442881
5.3190107
5.3753257
5.3474336
5.4632745
5.384323
5.4007554
5.5259876
5.5408716
5.6474557
5.7037425
5.8600426
5.8273106
5.9010277
5.9072146
5.8598986
5.8526382
5.9680214
6.0748343
6.205487
6.304757
6.367563
6.251663
6.190218
6.174736
6.243312
6.1286416
6.129846
6.093065
6.095621
6.0603952
6.0984473
6.127761
6.116424
6.03625
6.101465
6.005314
6.081401
5.978008
6.0466247
5.998314
5.9507384
5.910732
5.88683
5.976184
5.836737
5.8986597
5.7599587
5.883065
5.8241034
5.8777494
5.7832375
5.851482
5.753309
5.6897907
5.860251
5.6827893
5.7786317
5.6641574
5.917
5.7512636
5.873831
5.7921104
5.800688
5.757299
5.830476
5.784126
5.876788
5.8983965
5.827638
5.6449833
5.484271
5.3224387
5.38966
5.267372
5.4088564
5.283023
5.4141474
5.375638
5.369469
5.377445
5.4203057
5.4645987
5.4101515
5.430771
5.46646
5.54883
5.5815682
5.6499443
5.78701
5.740216
5.729312
5.5977306
5.5852833
5.538614
5.506762
5.5927653
4.846301
4.495203
4.275976
4.27517
4.233848
4.8277864
4.357791
4.459805
4.7655907
3.9696705
4.8048472
4.9136815
4.9546704
4.6371145
4.339817
4.0695496
4.51213
4.499704
4.8237047
4.9683685
5.0128875
4.9166183
4.8810463
4.799351
4.7658167
4.862799
5.122934
5.2338843
5.4539404
5.4830413
5.5386906
5.4993353
5.4418488
5.4394994
5.2426734
5.3772135
5.3338504
5.4322762
5.477718
5.400047
5.378912
5.494954
5.4510236
5.4983025
5.5183983
5.352196
5.3652887
5.37794
5.3555603
5.3584886
5.355566
5.4507833
5.5443234
5.5503316
5.509032
5.5492606
5.507968
5.6581063
5.5594378
5.6943316
5.528495
5.618922
5.3950834
5.4964194
5.433994
5.4878955
5.349065
5.5609455
5.4891486
5.622839
5.4749985
5.5146403
5.3038044
5.1226745
5.05787
4.719971
4.686255
4.5707626
4.327764
3.919361
3.0390954
3.1273358
3.0992737
3.0993555
3.1007285
2.9987147
3.270743
3.5742002
3.8083842
3.816108
4.060397
3.9524324
3.560478
3.8366945
3.8803751
3.6761892
4.152559
4.0110927
3.5687776
3.9400938
3.9629247
4.0275874
3.9879713
3.820498
3.9834778
4.0111866
3.9602883
3.8692741
3.7336648
4.1420493
4.0241737
4.296164
4.4931245
4.392394
4.3029714
4.432525
4.5786743
4.6296535
4.529005
4.418581
4.454724
4.5216184
4.436808
4.4240117
4.434696
4.5079217
4.4502344
4.4611773
4.3846245
4.310325
4.2967076
4.271619
4.26003
4.3002543
4.289326
4.275957
4.232185
4.215563
4.202504
4.205784
4.145233
4.1729794
4.225251
4.198949
4.1722503
3.4236727
4.1357303
4.203974
4.152943
4.168851
4.1154947
4.1622715
4.2092237
4.1645117
4.1917963
4.1923065
4.1449957
4.216309
4.2141013
4.216228
4.2068176
4.2026315
4.2269
4.1331854
4.149835
4.0409164
4.107195
4.107744
4.1253314
4.094963
4.1418724
3.9771848
4.094126
4.0844007
4.206374
4.1036124
4.012408
4.1235986
4.1072927
4.1350574
4.1499696
4.0634084
4.1339145
4.0311866
4.1665735
4.0872593
4.1331363
4.0584903
4.240636
4.160496
4.1138163
4.1445208
4.141101
4.3240438
4.177465
4.138486
4.083651
4.128192
4.15804
4.150355
4.144731
4.169372
4.1037507
4.081907
4.0538464
4.024803
4.0530334
3.9694736
4.004989
3.9387128
4.0498686
4.074564
4.00369
4.1011186
4.0829716
4.0881076
4.140236
4.0605936
4.114725
4.111581
4.0534396
4.2421494
4.1401815
4.1011395
4.1141496
4.163846
4.0991416
4.181158
4.0969133
4.1126456
4.099712
4.1242976
4.041267
4.0730286
4.1000867
4.0983477
4.0467606
4.103588
4.0504208
4.0582805
4.0090904
4.11382
5.101465
5.1158423
5.004574
5.007554
5.064279
5.0666447
5.0606117
5.02847
5.0317206
5.0380826
5.062567
5.090241
5.1623445
5.1677623
5.187189
3.9247444
4.0506887
4.0954328
4.1613097
4.237928
4.2444887
4.2914457
4.209396
4.318671
4.390629
4.314113
4.2263484
4.1691074
4.229464
4.3327193
4.153699
4.2096243
4.386101
4.255802
4.286187
4.214156
4.092591
4.1406
4.219367
4.013701
4.0713253
4.1882076
4.0943875
4.1576424
4.085448
4.021982
4.047307
4.077375
3.9969535
4.114915
4.071144
4.1327176
3.9803696
4.2126074
4.114772
3.9564404
4.0105176
4.0067697
4.189081
3.9662058
4.107725
4.0284824
4.0316668
4.0295954
3.9476104
3.9398694
4.1776752
4.9998198
4.995729
5.0660996
5.1431093
5.0091066
5.1767874
5.1784706
5.022468
4.0367866
3.9433908
4.00583
4.0062866
4.2815776
4.3731766
4.6294084
4.7104945
4.9942474
4.905735
4.663714
4.3213124
4.0606737
5.1661153
5.313889
5.222938
5.2636437
5.2042904
5.130607
5.25911
5.050571
5.111598
5.1115384
5.2722297
5.220719
5.2675056
5.3400264
5.394942
5.4757514
5.2998376
5.7060165
5.650639
5.9508805
5.769043
4.2199364
4.3907094
4.513463
4.541147
4.765157
4.3653145
4.687916
4.7161818
4.866143
5.1576715
5.052262
5.2490587
5.458915
5.282914
5.326143
5.3195524
5.258421
5.259156
5.4341736
5.52149
5.4244776
5.4227953
5.322221
5.3050632
5.32089
5.320904
5.131702
5.3912334
5.654769
5.81184
6.1218147
6.301773
6.7927084
6.6981387
6.35866
6.693699
6.5967503
6.4086046
5.775535
5.5852356
5.928338
5.8940763
6.1853056
6.370247
6.68566
6.5160966
6.5747848
6.62271
6.136058
5.3718657
5.148279
5.956168
6.6179304
6.917989
6.7179556
7.040324
6.809216
6.5746403
6.7052207
7.1829615
6.9753895
6.858347
6.662058
6.3642917
6.3215237
6.123246
5.8427467
5.340152
